NAME,Jan_tmin,Feb_tmin,Mar_tmin,Apr_tmin,Jan_tmax,Feb_tmax,Mar_tmax,Apr_tmax
Utah,-8.27285796273589,-6.354175529991521,-2.5885902368352744,0.4572957227011246,3.216239095381258,5.7774735766616825,11.041821067093277,14.94515839196676
Idaho,-8.72169066917541,-7.8375012106865825,-4.769824266076098,-1.8479954599824941,0.36206267387539737,2.6037922534799653,7.18892470324253,11.404123620562261
Montana,-11.61417029556796,-10.775276918991281,-6.610664173394887,-2.0571173441282204,-0.8737412983850257,0.765807189807396,6.018970939024255,11.44601120744554
South Dakota,-13.479490029068407,-11.762076051931624,-6.111982841205704,-0.1324624450817316,-2.0968243642394535,0.1853413211803045,6.557284992147473,13.548298477376644
Iowa,-12.141413897052717,-9.964851823067187,-3.609218882783454,2.551813371156,-2.3524719674707764,0.26310572040247265,7.508714346479594,15.23985691902322
Minnesota,-17.823930147004095,-15.983634243054931,-8.651697206246022,-1.0072265534167195,-7.363752555971805,-4.475353502361313,2.6513828470130725,11.064240352516503
New York,-10.79762190580312,-10.28263776046169,-5.889100482104293,0.7105315427877134,-1.1614026697106523,0.1657328675555723,4.728459170258115,12.2741284515119
Kentucky,-3.875750363768787,-2.519390054064548,1.4536711154380715,6.789054121821251,6.085194968766661,8.557284316267225,13.765075199253808,20.018971226077184
Vermont,-13.533433910931333,-13.004627948318277,-7.8837042434556395,-0.7616017332217074,-3.1311535800135726,-1.5401010283633094,3.2043201593816146,10.787502164735317
Virginia,-3.5215538550733507,-2.5485268733943562,0.9967195850418211,6.285967745338038,7.416387626704638,9.299453222701267,13.659762414330501,19.736188944443192
