NAME,Jan_tmin,Feb_tmin,Mar_tmin,Apr_tmin,Jan_tmax,Feb_tmax,Mar_tmax,Apr_tmax
Utah,-8.22641555932163,-6.3021340124406615,-2.5440948710726285,0.49993694994276233,3.266145026767307,5.834139310994384,11.097554200458939,14.99666046458106
Idaho,-8.702313588772927,-7.8126433959134856,-4.745830611845256,-1.8323035920925852,0.38875086795537733,2.629475295078071,7.215808117352805,11.42368138685571
Montana,-11.570866725780057,-10.739981436822939,-6.586458207713746,-2.0502143027246555,-0.8301735893549634,0.8045666617435159,6.05022945149812,11.45244267629405
South Dakota,-13.452307349033363,-11.741957441566292,-6.102534758344024,-0.13561763901844254,-2.0599964388455834,0.21483910222549918,6.579440051397513,13.548155940746149
Iowa,-12.119788801429285,-9.943735166146867,-3.5918894766546097,2.565168993145113,-2.325362738592092,0.29174078245327834,7.53724469662125,15.257839995582104
Minnesota,-17.808399224566674,-15.967230329654003,-8.637920238923297,-0.9992699319335537,-7.3503647978711895,-4.462637926019705,2.663392409035916,11.07396675952187
New York,-10.768474768915947,-10.258250452651215,-5.8748436676370135,0.7143595806717674,-1.1406207218053104,0.18657294781709147,4.749710618148048,12.292542697801503
Kentucky,-3.881463315041947,-2.525426720050506,1.4448731440641571,6.779384570382204,6.0822068686731745,8.553657520143354,13.760990707804496,20.015803458332037
Vermont,-13.522316781129794,-12.99462566306827,-7.882136149656206,-0.7630050742028571,-3.1357744745389766,-1.5483407464873473,3.1915512392701406,10.77377006779523
Virginia,-3.5345642786406373,-2.5617913178667764,0.9832191732761834,6.273345797377196,7.378421194768453,9.258584693583721,13.619599790585141,19.70068059091083
